0
7
12
1
20
8
2
1
0
3
12
4
0
4
0
0
0
1
0
0
0
0
0
6
11
1
5
5
0
1
1
11
9
6
7
15
1
6
2
2
0
2
1
26
0
0
0
0
0
0
0
0
1
0
0
0
0
0
1
4
1
3
0
4
11
15
0
35
18
0
1
4
2
2
19
18
0
0
47
3
3
2
9
21
0
0
11
3
0
0
0
7
1
2
17
2
20
7
14
16
10
29
0
6
0
0
4
9
0
36
21
25
21
8
2
31
0
0
0
16
29
9
0
2
0
5
0
10
0
0
6
1
36
3
3
0
6
1
0
0
12
5
1
0
0
3
0
0
0
0
0
0
5
16
0
0
0
0
0
1
0
0
0
0
0
25
12
2
1
0
5
2
0
0
0
9
4
0
4
84
2
1
6
0
1
0
4
0
0
21
25
18
31
2
2
2
0
0
0
0
0
36
1
0
3
1
0
1
0
0
0
0
2
0
2
0
1
3
0
16
2
51
2
0
0
0
0
0
1
0
0
5
1
0
1
0
0
0
2
5
17
1
21
9
0
0
7
5
0
0
0
15
0
0
12
21
0
2
29
0
0
4
2
1
0
1
0
0
14
0
0
4
12
0
15
0
0
23
0
0
5
5
1
3
0